190.0	0.001040625
190.5	0.001675775
191.0	0.002187842
191.5	0.000928602
192.0	0.001068194
192.5	0.001020171
193.0	0.001723265
193.5	0.001621344
194.0	0.002283277
194.5	0.00174608
195.0	0.00165737
195.5	0.002017165
196.0	0.002292603
196.5	0.00259951
197.0	0.002578093
197.5	0.00277664
198.0	0.002701741
198.5	0.003073091
199.0	0.00338303
199.5	0.003433354
200.0	0.00369439
200.5	0.004349046
201.0	0.003549215
201.5	0.003604303
202.0	0.003711356
202.5	0.004364327
203.0	0.004362621
203.5	0.004572036
204.0	0.005092559
204.5	0.005412584
205.0	0.005555298
205.5	0.005964766
206.0	0.00670325
206.5	0.006932876
207.0	0.007477547
207.5	0.007585252
208.0	0.008150445
208.5	0.008619295
209.0	0.009001041
209.5	0.009837109
210.0	0.009901443
210.5	0.010580847
211.0	0.01059563
211.5	0.010995205
212.0	0.01095196
212.5	0.011074372
213.0	0.011160888
213.5	0.010984176
214.0	0.011263761
214.5	0.01138768
215.0	0.011690769
215.5	0.01155955
216.0	0.011820401
216.5	0.0119315
217.0	0.012098158
217.5	0.012346589
218.0	0.011963422
218.5	0.011978546
219.0	0.012114812
219.5	0.011951246
220.0	0.011889719
220.5	0.012142639
221.0	0.011906097
221.5	0.011929707
222.0	0.012214345
222.5	0.012127793
223.0	0.012188382
223.5	0.011744226
224.0	0.011860743
224.5	0.011747148
225.0	0.011736568
225.5	0.011856669
226.0	0.011939024
226.5	0.01194714
227.0	0.011926433
227.5	0.011968269
228.0	0.011585085
228.5	0.011477354
229.0	0.011916499
229.5	0.012046641
230.0	0.011773721
230.5	0.011688201
231.0	0.012008098
231.5	0.011699605
232.0	0.011677573
232.5	0.011652847
233.0	0.011439531
233.5	0.011392483
234.0	0.011128765
234.5	0.011083917
235.0	0.010871959
235.5	0.010653851
236.0	0.010688174
236.5	0.0109125
237.0	0.010513838
237.5	0.01036706
238.0	0.0103129
238.5	0.009921933
239.0	0.009640263
239.5	0.009393431
240.0	0.009090633
240.5	0.009226859
241.0	0.008934296
241.5	0.008859249
242.0	0.00864449
242.5	0.008471883
243.0	0.008013532
243.5	0.007816359
244.0	0.007552368
244.5	0.007486204
245.0	0.007435616
245.5	0.007050181
246.0	0.006622064
246.5	0.006520836
247.0	0.006616884
247.5	0.006148639
248.0	0.005766039
248.5	0.005801206
249.0	0.005553117
249.5	0.025426158
250.0	0.032852361
250.5	0.020708172
251.0	0.029510269
251.5	0.006305788
252.0	0.016694784
252.5	0.022363629
253.0	0.021733773
253.5	0.021303229
254.0	0.00662856
254.5	0.021686526
255.0	0.010320524
255.5	0.020044038
256.0	0.015888958
256.5	0.01936702
257.0	0.013827343
257.5	0.015137679
258.0	0.018353247
258.5	0.014125544
259.0	0.010527627
259.5	0.011657588
260.0	0.013239236
260.5	0.014844489
261.0	0.011153484
261.5	0.01633047
262.0	0.006415288
262.5	0.008739485
263.0	0.00685302
263.5	0.016155837
264.0	0.007024643
264.5	0.016121726
265.0	0.006884823
265.5	0.011366867
266.0	0.009686249
266.5	0.013131503
267.0	0.003421824
267.5	0.011272395
268.0	0.007248018
268.5	0.008880177
269.0	0.006806377
269.5	0.008534971
270.0	0.00945474
270.5	0.015118043
271.0	0.007366975
271.5	0.006571234
272.0	0.012815664
272.5	0.007004406
273.0	0.004117934
273.5	0.00924631
274.0	0.006352802
274.5	0.003860208
275.0	0.006546753
275.5	0.009532563
276.0	0.00908566
276.5	0.00825419
277.0	0.004833777
277.5	0.006478954
278.0	0.00757296
278.5	0.011168977
279.0	0.005897832
279.5	0.0112839
280.0	0.006613846
280.5	0.01035354
281.0	0.008310969
281.5	0.008732057
282.0	0.00418481
282.5	0.008802633
283.0	0.009528125
283.5	0.00930318
284.0	0.011351657
284.5	0.012343322
285.0	0.011126025
285.5	0.010583601
286.0	0.007222143
286.5	0.012001079
287.0	0.012810927
287.5	0.016276248
288.0	0.01698683
288.5	0.01734235
289.0	0.018114619
289.5	0.021704192
290.0	0.017281872
290.5	0.017176296
291.0	0.021635527
291.5	0.026067725
292.0	0.028718987
292.5	0.033213321
293.0	0.03346456
293.5	0.036846137
294.0	0.037545623
294.5	0.042992348
295.0	0.046403351
295.5	0.052576291
296.0	0.059924171
296.5	0.067419869
297.0	0.067556558
297.5	0.073803948
298.0	0.08685856
298.5	0.089967346
299.0	0.091821937
299.5	0.101439171
300.0	0.113822621
300.5	0.1253361
301.0	0.127314733
301.5	0.142744582
302.0	0.150536197
302.5	0.166424817
303.0	0.179497301
303.5	0.199362923
304.0	0.223680725
304.5	0.230747019
305.0	0.265817924
305.5	0.280944852
306.0	0.311146451
306.5	0.318772212
307.0	0.366825495
307.5	0.396311865
308.0	0.440437972
308.5	0.473554064
309.0	0.500541496
309.5	0.537950789
310.0	0.563547362
310.5	0.652630044
311.0	0.683217951
311.5	0.737928328
312.0	0.833921426
312.5	0.87271717
313.0	0.957178325
313.5	1.056701673
314.0	1.146150289
314.5	1.302289282
315.0	1.365237142
315.5	1.50423475
316.0	1.567166103
316.5	1.699442854
317.0	1.866139274
317.5	1.961698679
318.0	2.13533885
318.5	2.270255984
319.0	2.473451265
319.5	2.652431984
320.0	2.840290849
320.5	3.154788356
321.0	3.369258935
321.5	3.581620736
322.0	3.867313102
322.5	4.126849345
323.0	4.492856331
323.5	4.810325288
324.0	5.139960572
324.5	5.416202639
325.0	5.804324353
325.5	6.081638082
326.0	6.434430478
326.5	7.006935382
327.0	7.298065073
327.5	7.72664656
328.0	8.216917702
328.5	8.664275814
329.0	9.058060137
329.5	9.694605545
330.0	9.969212188
330.5	10.56145463
331.0	11.10965702
331.5	11.49522698
332.0	12.1146574
332.5	12.68157051
333.0	13.18537365
333.5	13.87355508
334.0	14.30764433
334.5	14.98955602
335.0	15.43112486
335.5	16.02357507
336.0	16.67570613
336.5	17.22104683
337.0	17.78827991
337.5	18.38480852
338.0	18.93970157
338.5	19.63198393
339.0	20.16570981
339.5	20.88979167
340.0	21.48910209
340.5	22.08555181
341.0	22.68039232
341.5	23.28410307
342.0	23.92830274
342.5	24.67232134
343.0	25.23925944
343.5	25.94800874
344.0	26.57763049
344.5	27.33135823
345.0	27.98344029
345.5	28.74082747
346.0	29.26664745
346.5	29.9843454
347.0	30.61598993
347.5	31.24745511
348.0	31.89920689
348.5	32.59006871
349.0	33.10742418
349.5	33.79021839
350.0	34.45586307
350.5	35.04837405
351.0	35.63295757
351.5	36.3091895
352.0	36.86254341
352.5	37.55181954
353.0	38.20524423
353.5	38.85244573
354.0	39.55663791
354.5	40.26748448
355.0	40.9729742
355.5	41.95939911
356.0	42.73332037
356.5	43.70020349
357.0	44.62445926
357.5	45.71357752
358.0	46.70454584
358.5	47.97047901
359.0	49.11784432
359.5	50.54042732
360.0	51.66016953
360.5	53.05805972
361.0	54.33890305
361.5	55.80719461
362.0	57.06680855
362.5	58.61453345
363.0	59.85287879
363.5	61.19594419
364.0	62.33975983
364.5	63.55051343
365.0	64.58239406
365.5	65.68371956
366.0	66.56323699
366.5	67.49950597
367.0	68.26185111
367.5	69.15420694
368.0	69.79706691
368.5	70.44363532
369.0	70.95982457
369.5	71.54185609
370.0	72.03275273
370.5	72.4916573
371.0	72.82986932
371.5	73.2959673
372.0	73.63060417
372.5	74.02297259
373.0	74.33662115
373.5	74.61610588
374.0	74.9208401
374.5	75.23453178
375.0	75.47159693
375.5	75.78185458
376.0	76.01731641
376.5	76.22579607
377.0	76.49123111
377.5	76.67515516
378.0	76.95551016
378.5	77.0903465
379.0	77.33329575
379.5	77.47001375
380.0	77.6895599
380.5	77.86682759
381.0	78.00628183
381.5	78.14045567
382.0	78.34138519
382.5	78.49884453
383.0	78.60852548
383.5	78.82610373
384.0	78.9188929
384.5	79.14829814
385.0	79.26631718
385.5	79.43454508
386.0	79.44538028
386.5	79.58951122
387.0	79.65423236
387.5	79.92380704
388.0	79.89657399
388.5	80.05648732
389.0	80.14395297
389.5	80.24708732
390.0	80.36552974
390.5	80.48528147
391.0	80.57094778
391.5	80.6373428
392.0	80.77687545
392.5	80.94975261
393.0	80.98922427
393.5	81.09406779
394.0	81.1808435
394.5	81.25396152
395.0	81.34311674
395.5	81.44968904
396.0	81.53201542
396.5	81.63367189
397.0	81.64377795
397.5	81.76188324
398.0	81.8456679
398.5	81.93281994
399.0	81.96973568
399.5	82.08738231
400.0	82.13343584
400.5	82.26436383
401.0	82.28141242
401.5	82.44041236
402.0	82.40195601
402.5	82.47918232
403.0	82.61390498
403.5	82.66152656
404.0	82.71493423
404.5	82.8286725
405.0	82.81553619
405.5	82.9350488
406.0	83.01612858
406.5	83.06933632
407.0	83.15246632
407.5	83.18434864
408.0	83.28820821
408.5	83.32606086
409.0	83.37461935
409.5	83.42464005
410.0	83.53677891
410.5	83.68775046
411.0	83.77816403
411.5	83.83642089
412.0	83.91956657
412.5	83.83678154
413.0	83.93152685
413.5	84.06363871
414.0	84.04950277
414.5	84.14825835
415.0	84.24370144
415.5	84.27519174
416.0	84.27009951
416.5	84.32386391
417.0	84.42026743
417.5	84.46207156
418.0	84.51742361
418.5	84.57087048
419.0	84.59057299
419.5	84.73498226
420.0	84.85191543
420.5	84.88489537
421.0	84.93923995
421.5	84.99349045
422.0	85.07896076
422.5	85.10745217
423.0	85.1720949
423.5	85.24556573
424.0	85.23164148
424.5	85.32844484
425.0	85.37288721
425.5	85.40013594
426.0	85.44488408
426.5	85.43725553
427.0	85.48498295
427.5	85.51052251
428.0	85.54956296
428.5	85.61568357
429.0	85.59028121
429.5	85.68049879
430.0	85.67107091
430.5	85.76867398
431.0	85.75126866
431.5	85.73298523
432.0	85.75761533
432.5	85.79393129
433.0	85.89370611
433.5	85.83684873
434.0	85.88884908
434.5	85.93797991
435.0	85.97589136
435.5	86.01661354
436.0	85.96098315
436.5	85.99927877
437.0	86.03982847
437.5	86.09027645
438.0	86.14935261
438.5	86.16594647
439.0	86.16911392
439.5	86.25327883
440.0	86.27250309
440.5	86.30262919
441.0	86.35954537
441.5	86.40968366
442.0	86.46021789
442.5	86.49168467
443.0	86.56206253
443.5	86.60607368
444.0	86.65223698
444.5	86.70292801
445.0	86.80193448
445.5	86.8614301
446.0	86.8590349
446.5	86.94692001
447.0	87.0162904
447.5	87.07598202
448.0	87.16090743
448.5	87.23434691
449.0	87.27025518
449.5	87.43598988
450.0	87.52568608
450.5	87.6337049
451.0	87.68187922
451.5	87.72189577
452.0	87.76684775
452.5	87.86336103
453.0	87.87901798
453.5	87.92488727
454.0	88.03697517
454.5	88.08691746
455.0	88.16266588
455.5	88.24220505
456.0	88.30106953
456.5	88.33579785
457.0	88.41770085
457.5	88.46798419
458.0	88.5174443
458.5	88.53362263
459.0	88.60432586
459.5	88.6633981
460.0	88.68534684
460.5	88.75256508
461.0	88.75772787
461.5	88.83197881
462.0	88.8334959
462.5	88.82846247
463.0	88.86617398
463.5	88.8772052
464.0	88.89841303
464.5	88.89040031
465.0	88.88886755
465.5	88.92969949
466.0	88.93352552
466.5	88.90777427
467.0	88.94737921
467.5	88.91704143
468.0	88.98471049
468.5	88.97985738
469.0	88.94179305
469.5	88.97378512
470.0	88.93896272
470.5	88.96035872
471.0	89.00531462
471.5	89.0449862
472.0	89.06243465
472.5	89.08297214
473.0	89.04988635
473.5	89.08380712
474.0	89.05606837
474.5	89.02735744
475.0	89.0541828
475.5	89.10712398
476.0	89.16759178
476.5	89.1366895
477.0	89.1574426
477.5	89.19887039
478.0	89.1896738
478.5	89.159042
479.0	89.19635368
479.5	89.2103877
480.0	89.20854524
480.5	89.240651
481.0	89.22540566
481.5	89.26538302
482.0	89.27842917
482.5	89.22269686
483.0	89.31313396
483.5	89.27937
484.0	89.3003975
484.5	89.36292729
485.0	89.30708522
485.5	89.32376924
486.0	89.35905422
486.5	89.37026967
487.0	89.38600894
487.5	89.37388794
488.0	89.43945582
488.5	89.42510818
489.0	89.43432046
489.5	89.47595602
490.0	89.4865325
490.5	89.54569098
491.0	89.52603551
491.5	89.61301507
492.0	89.57799274
492.5	89.58565657
493.0	89.61843267
493.5	89.62378363
494.0	89.69979078
494.5	89.7602821
495.0	89.71106503
495.5	89.74134402
496.0	89.82559518
496.5	89.7856727
497.0	89.81405435
497.5	89.90538915
498.0	89.91282561
498.5	89.99083594
499.0	89.95186606
499.5	89.98925613
500.0	89.99474822
500.5	89.99843705
501.0	90.0813044
501.5	90.07614161
502.0	90.12451193
502.5	90.1474211
503.0	90.22244429
503.5	90.20678735
504.0	90.20586612
504.5	90.22644673
505.0	90.18439564
505.5	90.27196321
506.0	90.26053607
506.5	90.30336335
507.0	90.2560005
507.5	90.3255316
508.0	90.37791221
508.5	90.38312204
509.0	90.39747752
509.5	90.42426367
510.0	90.37946066
510.5	90.44772557
511.0	90.45490331
511.5	90.45462106
512.0	90.47221062
512.5	90.47654235
513.0	90.56911199
513.5	90.57262834
514.0	90.51917362
514.5	90.60654127
515.0	90.59008854
515.5	90.64497018
516.0	90.62375058
516.5	90.68629997
517.0	90.64987424
517.5	90.6785107
518.0	90.70399538
518.5	90.72615972
519.0	90.69958525
519.5	90.73419596
520.0	90.7657137
520.5	90.78039062
521.0	90.77340889
521.5	90.80098299
522.0	90.83633069
522.5	90.87261921
523.0	90.86914598
523.5	90.87345812
524.0	90.92510173
524.5	90.9206328
525.0	91.00249268
525.5	90.96226444
526.0	90.96421274
526.5	91.04701345
527.0	91.02651908
527.5	91.08273748
528.0	91.08789635
528.5	91.13806209
529.0	91.19763219
529.5	91.2342108
530.0	91.23786435
530.5	91.28605434
531.0	91.33426786
531.5	91.36667155
532.0	91.42648077
532.5	91.49208393
533.0	91.54388044
533.5	91.597637
534.0	91.65394556
534.5	91.69272336
535.0	91.75012955
535.5	91.87593003
536.0	91.95559856
536.5	91.97138487
537.0	92.0247651
537.5	92.07638128
538.0	92.16957422
538.5	92.24295489
539.0	92.26983906
539.5	92.26297493
540.0	92.22746651
540.5	92.31906004
541.0	92.31455975
541.5	92.4268123
542.0	92.48985954
542.5	92.55655641
543.0	92.58605137
543.5	92.6783662
544.0	92.70721826
544.5	92.74144088
545.0	92.78750226
545.5	92.87671628
546.0	92.94730975
546.5	92.99934538
547.0	93.05375268
547.5	93.11080998
548.0	93.15910583
548.5	93.23076556
549.0	93.27162886
549.5	93.35113276
550.0	93.36837343
550.5	93.4331416
551.0	93.50642819
551.5	93.5377264
552.0	93.6363291
552.5	93.64821882
553.0	93.72354779
553.5	93.75270953
554.0	93.76359962
554.5	93.85007348
555.0	93.83880707
555.5	93.9365983
556.0	93.94761776
556.5	93.97230273
557.0	93.98986877
557.5	93.96023269
558.0	93.98102891
558.5	93.98146012
559.0	93.96672832
559.5	93.9805977
560.0	93.9359554
560.5	93.96918231
561.0	93.94236479
561.5	93.97160495
562.0	93.98332217
562.5	93.97026426
563.0	93.95127522
563.5	94.01440478
564.0	93.97176176
564.5	94.02613769
565.0	94.00404783
565.5	94.05753783
566.0	94.10142354
566.5	94.15792811
567.0	94.16102892
567.5	94.2857592
568.0	94.29269388
568.5	94.32232213
569.0	94.4050954
569.5	94.56424431
570.0	94.69563487
570.5	94.82076892
571.0	94.68754374
571.5	94.73320919
572.0	94.78097973
572.5	94.8221096
573.0	94.93364085
573.5	94.97608787
574.0	95.00776634
574.5	95.0767996
575.0	95.14656592
575.5	95.19190991
576.0	95.24607417
576.5	95.3308859
577.0	95.36780556
577.5	95.40625015
578.0	95.46506366
578.5	95.4663965
579.0	95.55665719
579.5	95.57623426
580.0	95.589006
580.5	95.61489837
581.0	95.73857414
581.5	95.6970209
582.0	95.73235684
582.5	95.76483109
583.0	95.74518738
583.5	95.8188895
584.0	95.82431102
584.5	95.84275517
585.0	95.86631507
585.5	95.86582114
586.0	95.86674237
586.5	95.89960863
587.0	95.88346559
587.5	95.90050241
588.0	95.86798505
588.5	95.92491298
589.0	95.92480714
589.5	95.95776748
590.0	95.91450116
590.5	95.93562666
591.0	95.9268848
591.5	95.8753235
592.0	95.89694295
592.5	95.89629221
593.0	95.93441927
593.5	95.88443386
594.0	95.88205827
594.5	95.86086611
595.0	95.85301803
595.5	95.83778054
596.0	95.82605939
596.5	95.86005465
597.0	95.79017072
597.5	95.81323669
598.0	95.77398848
598.5	95.7492055
599.0	95.75513272
599.5	95.76025239
600.0	95.6982087
600.5	95.76688915
601.0	95.70911055
601.5	95.73572814
602.0	95.70232482
602.5	95.67010146
603.0	95.60991591
603.5	95.62919896
604.0	95.61586664
604.5	95.63492233
605.0	95.5708441
605.5	95.61194261
606.0	95.60269505
606.5	95.56570875
607.0	95.56813138
607.5	95.54345816
608.0	95.59262035
608.5	95.50824767
609.0	95.57978981
609.5	95.56994639
610.0	95.54785653
610.5	95.54078072
611.0	95.54089441
611.5	95.53899315
612.0	95.5843097
612.5	95.54364633
613.0	95.51917304
613.5	95.51787548
614.0	95.51594678
614.5	95.53207022
615.0	95.56980135
615.5	95.53484566
616.0	95.50412371
616.5	95.52589604
617.0	95.5301572
617.5	95.50941978
618.0	95.51012541
618.5	95.52314803
619.0	95.50252038
619.5	95.54377177
620.0	95.53168997
620.5	95.52338716
621.0	95.56298034
621.5	95.55154928
622.0	95.53016504
622.5	95.54353656
623.0	95.5280913
623.5	95.59098566
624.0	95.51626823
624.5	95.54538294
625.0	95.58917065
625.5	95.57786503
626.0	95.5359433
626.5	95.60089964
627.0	95.59556043
627.5	95.59679527
628.0	95.58947249
628.5	95.57256111
629.0	95.6311159
629.5	95.61749741
630.0	95.63487137
630.5	95.63960687
631.0	95.62852078
631.5	95.63551035
632.0	95.61454164
632.5	95.60741095
633.0	95.64091227
633.5	95.67182631
634.0	95.70290108
634.5	95.72827991
635.0	95.74202777
635.5	95.70762482
636.0	95.7766816
636.5	95.78937886
637.0	95.76986452
637.5	95.78467864
638.0	95.82448742
638.5	95.84299038
639.0	95.80006902
639.5	95.85329637
640.0	95.81092382
640.5	95.78748152
641.0	95.84156346
641.5	95.75226711
642.0	95.86698149
642.5	95.91181587
643.0	95.86967461
643.5	95.85914126
644.0	95.91058495
644.5	95.9424947
645.0	95.87560183
645.5	95.93795521
646.0	95.9957691
646.5	95.95338087
647.0	95.93994271
647.5	95.93867259
648.0	95.97899492
648.5	95.97430254
649.0	96.02923121
649.5	96.06884791
650.0	96.10588126
650.5	96.11311779
651.0	96.08328571
651.5	96.07296404
652.0	96.15318531
652.5	96.09147875
653.0	96.21087376
653.5	96.14573709
654.0	96.1862711
654.5	96.1910262
655.0	96.18749026
655.5	96.25014548
656.0	96.27799008
656.5	96.22939239
657.0	96.31902586
657.5	96.26446959
658.0	96.34604723
658.5	96.30619924
659.0	96.36077119
659.5	96.37966223
660.0	96.47120872
660.5	96.48740665
661.0	96.45787248
661.5	96.54189235
662.0	96.53387179
662.5	96.5785572
663.0	96.5402067
663.5	96.53972452
664.0	96.50725028
664.5	96.54059871
665.0	96.53269575
665.5	96.56865106
666.0	96.60767975
666.5	96.64036569
667.0	96.6610247
667.5	96.68504718
668.0	96.68010784
668.5	96.65543069
669.0	96.60522575
669.5	96.63104365
670.0	96.67824969
670.5	96.68524319
671.0	96.72357801
671.5	96.83872361
672.0	96.99716297
672.5	97.15169791
673.0	97.36639095
673.5	97.58116239
674.0	97.71628883
674.5	97.96018674
675.0	98.12188765
675.5	98.30956325
676.0	98.52021465
676.5	98.72043854
677.0	98.92831059
677.5	99.0653422
678.0	99.23108082
678.5	99.39249948
679.0	99.5301975
679.5	99.64282639
680.0	99.77549882
680.5	99.85488119
681.0	99.89171853
681.5	99.91613302
682.0	99.97957619
682.5	99.96199839
683.0	100.0000000
683.5	99.97075201
684.0	99.94337783
684.5	99.91465513
685.0	99.86370537
685.5	99.80876493
686.0	99.70497984
686.5	99.677049
687.0	99.57409889
687.5	99.48174878
688.0	99.39313453
688.5	99.32544587
689.0	99.24491883
689.5	99.15368595
690.0	99.07527185
690.5	99.00796344
691.0	98.90464484
691.5	98.87160609
692.0	98.79149458
692.5	98.72891776
693.0	98.67094707
693.5	98.60008311
694.0	98.55276338
694.5	98.48638404
695.0	98.42522237
695.5	98.37315146
696.0	98.36780835
696.5	98.32480466
697.0	98.23114523
697.5	98.19480575
698.0	98.1747857
698.5	98.11441982
699.0	98.12973964
699.5	98.01733421
700.0	98.02971002
700.5	98.00371964
701.0	97.93382003
701.5	97.94226789
702.0	97.9264659
702.5	97.92518794
703.0	97.8481694
703.5	97.83371593
704.0	97.84189329
704.5	97.8414268
705.0	97.77748185
705.5	97.76027646
706.0	97.77202113
706.5	97.79044176
707.0	97.76097424
707.5	97.65749883
708.0	97.72880576
708.5	97.74808098
709.0	97.62917599
709.5	97.69991058
710.0	97.71980517
710.5	97.75672483
711.0	97.64391171
711.5	97.63980735
712.0	97.63462495
712.5	97.62956016
713.0	97.65582495
713.5	97.60180965
714.0	97.61593384
714.5	97.62105351
715.0	97.6396427
715.5	97.58224435
716.0	97.59010026
716.5	97.57725796
717.0	97.56782616
717.5	97.52940117
718.0	97.56239287
718.5	97.64858841
719.0	97.52273697
719.5	97.58852829
720.0	97.61262525
720.5	97.57819487
721.0	97.61832511
721.5	97.64974876
722.0	97.62979929
722.5	97.57836735
723.0	97.61981475
723.5	97.60778783
724.0	97.61064952
724.5	97.5700567
725.0	97.67266184
725.5	97.66416303
726.0	97.62705913
726.5	97.57473341
727.0	97.71970325
727.5	97.63446815
728.0	97.67982782
728.5	97.62469137
729.0	97.67068611
729.5	97.67540593
730.0	97.68727604
730.5	97.65348463
731.0	97.68570799
731.5	97.66579772
732.0	97.6770759
732.5	97.78687837
733.0	97.74945694
733.5	97.70868772
734.0	97.70873476
734.5	97.72850783
735.0	97.75705805
735.5	97.72539134
736.0	97.76456899
736.5	97.6865861
737.0	97.88011051
737.5	97.73901766
738.0	97.8198936
738.5	97.79500085
739.0	97.75983741
739.5	97.86388515
740.0	97.82938812
740.5	97.8721174
741.0	97.94067632
741.5	97.90562656
742.0	97.94886545
742.5	97.92348661
743.0	97.88736273
743.5	97.86703692
744.0	97.96422054
744.5	97.95958305
745.0	97.95966537
745.5	97.99787083
746.0	97.92005651
746.5	98.04121948
747.0	98.03353997
747.5	97.98886632
748.0	98.05341496
748.5	98.03083901
749.0	98.08782183
749.5	98.10739105
750.0	98.10810844
750.5	98.10023292
751.0	98.07129854
751.5	98.17438977
752.0	98.15004193
752.5	98.21811476
753.0	98.12799519
753.5	98.24332111
754.0	98.20666409
754.5	98.22446143
755.0	98.17445642
755.5	98.30349883
756.0	98.28189506
756.5	98.23762518
757.0	98.32010052
757.5	98.30505119
758.0	98.36723601
758.5	98.30978277
759.0	98.35115177
759.5	98.3381997
760.0	98.48204447
760.5	98.37477439
761.0	98.44891164
761.5	98.442122
762.0	98.51197064
762.5	98.56452373
763.0	98.49542776
763.5	98.53130074
764.0	98.57935354
764.5	98.46893168
765.0	98.44802962
765.5	98.47111911
766.0	98.61495996
766.5	98.62793163
767.0	98.56661708
767.5	98.71388411
768.0	98.6077195
768.5	98.61350559
769.0	98.63196542
769.5	98.71466422
770.0	98.72231236
770.5	98.77458712
771.0	98.75382618
771.5	98.75128203
772.0	98.78943652
772.5	98.80345878
773.0	98.76443009
773.5	98.76050998
774.0	98.85561202
774.5	98.84039804
775.0	98.87778028
775.5	98.81150286
776.0	98.83740307
776.5	98.8274107
777.0	98.87960706
777.5	98.97039696
778.0	98.96717855
778.5	98.99689303
779.0	98.98401153
779.5	99.04242127
780.0	98.9684957
780.5	98.99977824
781.0	99.10713849
781.5	99.06378591
782.0	98.98550509
782.5	99.02563141
783.0	99.09171282
783.5	99.11315586
784.0	99.10611533
784.5	99.20610967
785.0	99.16443099
785.5	99.14459912
786.0	99.12597464
786.5	99.19648971
787.0	99.23321336
787.5	99.25832955
788.0	99.16271006
788.5	99.24210419
789.0	99.30334034
789.5	99.29992983
790.0	99.27219892
790.5	99.33843714
791.0	99.31494388
791.5	99.44349236
792.0	99.32266651
792.5	99.36515274
793.0	99.36098173
793.5	99.39612166
794.0	99.47237578
794.5	99.52689284
795.0	99.45138748
795.5	99.47099982
796.0	99.4053261
796.5	99.38738372
797.0	99.48245048
797.5	99.4844811
798.0	99.40383645
798.5	99.49708427
799.0	99.57939105
799.5	99.50567325
800.0	99.52347842
800.5	99.56619202
801.0	99.54729313
801.5	99.6280593
802.0	99.5675327
802.5	99.55483544
803.0	99.67580633
803.5	99.7279674
804.0	99.74700351
804.5	99.65350086
805.0	99.72554871
805.5	99.6736777
806.0	99.58403247
806.5	99.8184045
807.0	99.73702286
807.5	99.82250103
808.0	99.71348258
808.5	99.83835792
809.0	99.84651176
809.5	99.92320097
810.0	99.77857612
810.5	99.85292115
811.0	99.73870066
811.5	99.87198857
812.0	99.77001066
812.5	99.91689354
813.0	99.88080882
813.5	99.89743013
814.0	99.91852039
814.5	99.84078051
815.0	99.8532465
815.5	99.86934253
816.0	99.80021907
816.5	99.89374524
817.0	99.8003563
817.5	99.95030076
818.0	99.91547836
818.5	99.80290434
819.0	99.91420038
819.5	99.90330248
820.0	99.91573316
820.5	99.82099178
821.0	99.81800072
821.5	99.93244069
822.0	99.77658861
822.5	99.95774116
823.0	99.8727726
823.5	99.80746345
824.0	99.85059258
824.5	99.79226123
825.0	99.87820198
825.5	99.94607098
826.0	99.95583989
826.5	99.75573357
827.0	99.76366005
827.5	99.87516779
828.0	99.82173659
828.5	99.85203517
829.0	99.83864409
829.5	99.86406992
830.0	99.96060281
830.5	99.78929371
831.0	99.82751488
831.5	99.83361455
832.0	99.89684995
832.5	99.78043035
833.0	99.66012585
833.5	99.74137812
834.0	99.79761611
834.5	99.67378357
835.0	99.81862793
835.5	99.6521641
836.0	99.7462861
836.5	99.62832196
837.0	99.70937037
837.5	99.69185136
838.0	99.63224989
838.5	99.61680467
839.0	99.4872879
839.5	99.58107667
840.0	99.59077117
840.5	99.53519957
841.0	99.54533699
841.5	99.47938887
842.0	99.51163967
842.5	99.45603673
843.0	99.53412154
843.5	99.50994226
844.0	99.35436066
844.5	99.46672689
845.0	99.38231893
845.5	99.42585575
846.0	99.34445844
846.5	99.34454469
847.0	99.13129424
847.5	99.29535506
848.0	99.25596964
848.5	99.15778639
849.0	99.36501162
849.5	99.24200618
850.0	99.3919977
850.5	99.2283681
851.0	99.06149264
851.5	99.06060278
852.0	99.07069707
852.5	98.97331353
853.0	98.98321967
853.5	99.03436543
854.0	98.94011798
854.5	98.89578538
855.0	98.82134235
855.5	98.81202031
856.0	98.71592257
856.5	98.6163124
857.0	98.58202313
857.5	98.74657004
858.0	98.52750999
858.5	98.77156863
859.0	98.50141769
859.5	98.77315628
860.0	98.4808214
860.5	98.9012853
861.0	98.44303539
861.5	98.83117401
862.0	98.51990889
862.5	98.50733315
863.0	98.56057225
863.5	98.56492359
864.0	98.5734028
864.5	98.51592604
865.0	98.48759144
865.5	98.24103176
866.0	98.56554688
866.5	98.36203009
867.0	98.50645896
867.5	98.31768181
868.0	98.53202204
868.5	97.84425713
869.0	98.47966496
869.5	98.29691695
870.0	97.84139544
870.5	97.67775408
871.0	98.25986009
871.5	97.91545821
872.0	98.41579449
872.5	98.28763803
873.0	97.5713621
873.5	98.3542957
874.0	98.05134514
874.5	97.77593341
875.0	97.90377626
875.5	97.84725097
876.0	97.72839191
876.5	97.66757913
877.0	97.61798349
877.5	97.50552766
878.0	97.44882093
878.5	97.36660767
879.0	97.2319595
879.5	97.28796733
880.0	97.38897754
880.5	97.30514808
881.0	97.33314276
881.5	97.33104717
882.0	97.26385973
882.5	97.3352053
883.0	97.30691829
883.5	97.27076922
884.0	97.36083166
884.5	97.36923639
885.0	97.14524091
885.5	97.35857927
886.0	97.27861337
886.5	97.18531907
887.0	96.93742431
887.5	96.93860426
888.0	96.94563191
888.5	97.10214426
889.0	97.03248267
889.5	97.04200911
890.0	97.09155995
890.5	97.24001366
891.0	97.20705107
891.5	97.27390027
892.0	97.20650786
892.5	97.0087682
893.0	96.94353353
893.5	96.86708565
894.0	96.97596522
894.5	96.89800305
895.0	96.74242089
895.5	96.56602515
896.0	96.63508361
896.5	96.65070472
897.0	96.62099471
897.5	96.38926204
898.0	96.49612162
898.5	96.44864173
899.0	96.60737006
899.5	96.66588434
900.0	96.66068365